Some((
    red: 0.6290398,
    green: 0.629039,
    blue: 0.62903917,
))