Some((
    red: 0.34901962,
    green: 0.8039216,
    blue: 0.56470597,
))