Some((
    red: 0.015686275,
    green: 0.015686275,
    blue: 0.015686275,
    alpha: 1.0,
))