Some((
    red: 0.93333334,
    green: 0.93333334,
    blue: 0.93333334,
))